# 68,79 22:45:27.1942351 
[[36, 36, 36], [21, 234]]
# 160,171 22:45:28.9781944 
[[3, 64, 96, 92], [64, 96, 19, 128, 0, 64, 0, 0, 0, 71, 38, 2, 250, 0, 160, 0, 27, 242, 118, 0, 0]]
# 298,309 22:45:29.2253206 
[[3, 64, 0, 188], [64, 0, 15, 4, 1, 0, 1, 1, 1, 0, 2, 1, 1, 4, 57, 60, 43]]
# 350,361 22:45:29.2720429 
[[3, 64, 16, 172], [64, 16, 18, 0, 4, 0, 0, 0, 0, 67, 3, 0, 0, 0, 0, 0, 0, 0, 0, 83]]
# 408,419 22:45:29.3190366 
[[3, 64, 17, 171], [64, 17, 8, 2, 49, 149, 1, 2, 5, 214]]
# 438,449 22:45:29.3504093 
[[3, 64, 32, 156], [64, 32, 19, 165, 0, 0, 0, 99, 1, 0, 0, 155, 0, 0, 0, 215, 0, 117, 0, 1, 155]]
# 498,509 22:45:29.3972030 
[[3, 64, 33, 155], [64, 33, 18, 5, 0, 0, 0, 61, 0, 0, 155, 0, 0, 0, 0, 0, 0, 0, 0, 175]]
# 556,567 22:45:29.4442455 
[[3, 64, 48, 140], [64, 48, 13, 0, 0, 0, 194, 1, 0, 0, 128, 0, 0, 0, 63]]
# 664,675 22:45:29.5223147 
[[3, 64, 97, 91], [64, 97, 18, 128, 0, 116, 1, 113, 1, 40, 1, 70, 1, 21, 2, 250, 0, 0, 0, 100]]
# 730,741 22:45:29.5692276 
[[3, 64, 98, 90], [64, 98, 19, 128, 0, 128, 94, 1, 210, 0, 0, 1, 253, 255, 0, 100, 0, 0, 0, 0, 184]]
# 798,809 22:45:29.6316392 
[[3, 64, 99, 89], [64, 99, 10, 128, 0, 1, 112, 100, 50, 21, 1, 181]]
# 840,851 22:45:29.6786534 
[[3, 64, 100, 88], [64, 100, 14, 128, 0, 2, 0, 0, 0, 0, 94, 1, 0, 0, 0, 108]]
# 890,901 22:45:29.7252451 
[[3, 64, 160, 28], [21, 234]]
# 932,943 22:45:30.9283169 
[[3, 64, 161, 27], [21, 234]]

# 1192,1203 22:46:00.1945108 [(11, 155, 160), (17, 117, 120), (20, 155, 147)]
[[3, 64, 32, 156], [64, 32, 19, 165, 0, 0, 0, 99, 1, 0, 0, 160, 0, 0, 0, 215, 0, 120, 0, 1, 147]]

# 1252,1263 22:46:00.2408396 [(7, 61, 39), (10, 155, 160), (19, 175, 192)]
[[3, 64, 33, 155], [64, 33, 18, 5, 0, 0, 0, 39, 0, 0, 160, 0, 0, 0, 0, 0, 0, 0, 0, 192]]

# 1310,1321 22:46:00.2879355 [(10, 128, 0), (14, 63, 191)]
[[3, 64, 48, 140], [64, 48, 13, 0, 0, 0, 194, 1, 0, 0, 0, 0, 0, 0, 191]]

# 1426,1437 22:46:00.3816337 [(7, 113, 112), (9, 40, 39), (11, 70, 69), (13, 21, 18), (19, 100, 106)]
[[3, 64, 97, 91], [64, 97, 18, 128, 0, 116, 1, 112, 1, 39, 1, 69, 1, 18, 2, 250, 0, 0, 0, 106]]

# 2034,2045 22:46:05.3969840 [(9, 39, 38), (19, 106, 107)]
[[3, 64, 97, 91], [64, 97, 18, 128, 0, 116, 1, 112, 1, 38, 1, 69, 1, 18, 2, 250, 0, 0, 0, 107]]

# 2304,2315 22:46:10.0533330 [(4, 4, 0), (19, 83, 87)]
[[3, 64, 16, 172], [64, 16, 18, 0, 0, 0, 0, 0, 0, 67, 3, 0, 0, 0, 0, 0, 0, 0, 0, 87]]

# 2650,2661 22:46:10.3661236 [(9, 38, 37), (11, 69, 68), (19, 107, 109)]
[[3, 64, 97, 91], [64, 97, 18, 128, 0, 116, 1, 112, 1, 37, 1, 68, 1, 18, 2, 250, 0, 0, 0, 109]]

# 3024,3035 22:46:15.1625840 [(3, 165, 160), (7, 99, 94), (20, 147, 157)]
[[3, 64, 32, 156], [64, 32, 19, 160, 0, 0, 0, 94, 1, 0, 0, 160, 0, 0, 0, 215, 0, 120, 0, 1, 157]]

# 3814,3825 22:46:20.3035621 [(5, 64, None), (6, 0, None), (7, 0, None), (8, 0, None), (9, 71, None), (10, 38, None), (11, 2, None), (12, 250, None), (13, 0, None), (14, 160, None), (15, 0, None), (16, 27, None), (17, 242, None), (18, 118, None), (19, 0, None), (20, 0, None)]
[[3, 64, 96, 92], [64, 96, 19, 128, 0]]

# 3842,3849 22:46:21.0220955 [(1, 96, 0), (2, 19, 0), (3, 128, 0), (4, 0, 71), (5, None, 38), (6, None, 2), (7, None, 250), (8, None, 0), (9, None, 160), (10, None, 0), (11, None, 27), (12, None, 242), (13, None, 118), (14, None, 0), (15, None, 0), (16, None, 64), (17, None, 96), (18, None, 19), (19, None, 128), (20, None, 0), (21, None, 64), (22, None, 0), (23, None, 0), (24, None, 0), (25, None, 71), (26, None, 38), (27, None, 2), (28, None, 250), (29, None, 0), (30, None, 160), (31, None, 0), (32, None, 27), (33, None, 242), (34, None, 118), (35, None, 0), (36, None, 0)]
[[3, 64, 96, 92], [64, 0, 0, 0, 71, 38, 2, 250, 0, 160, 0, 27, 242, 118, 0, 0, 64, 96, 19, 128, 0, 64, 0, 0, 0, 71, 38, 2, 250, 0, 160, 0, 27, 242, 118, 0, 0]]

# 3948,3959 22:46:21.2253022 [(1, 0, 96), (2, 0, 19), (3, 0, 128), (4, 71, 0), (5, 38, 64), (6, 2, 0), (7, 250, 0), (9, 160, 71), (10, 0, 38), (11, 27, 2), (12, 242, 250), (13, 118, 0), (14, 0, 160), (16, 64, 27), (17, 96, 242), (18, 19, 118), (19, 128, 0), (21, 64, None), (22, 0, None), (23, 0, None), (24, 0, None), (25, 71, None), (26, 38, None), (27, 2, None), (28, 250, None), (29, 0, None), (30, 160, None), (31, 0, None), (32, 27, None), (33, 242, None), (34, 118, None), (35, 0, None), (36, 0, None)]
[[3, 64, 96, 92], [64, 96, 19, 128, 0, 64, 0, 0, 0, 71, 38, 2, 250, 0, 160, 0, 27, 242, 118, 0, 0]]

# 4008,4019 22:46:21.4443689 [(7, 112, 111), (11, 68, 67), (19, 109, 111)]
[[3, 64, 97, 91], [64, 97, 18, 128, 0, 116, 1, 111, 1, 37, 1, 67, 1, 18, 2, 250, 0, 0, 0, 111]]

# 4434,4445 22:46:25.2097707 [(7, 39, 38), (19, 192, 193)]
[[3, 64, 33, 155], [64, 33, 18, 5, 0, 0, 0, 38, 0, 0, 160, 0, 0, 0, 0, 0, 0, 0, 0, 193]]

# 4608,4619 22:46:25.3503321 [(7, 111, 112), (19, 111, 110)]
[[3, 64, 97, 91], [64, 97, 18, 128, 0, 116, 1, 112, 1, 37, 1, 67, 1, 18, 2, 250, 0, 0, 0, 110]]

# 5208,5219 22:46:30.3658750 [(7, 112, 111), (9, 37, 36), (19, 110, 112)]
[[3, 64, 97, 91], [64, 97, 18, 128, 0, 116, 1, 111, 1, 36, 1, 67, 1, 18, 2, 250, 0, 0, 0, 112]]

# 5824,5835 22:46:35.4132092 [(11, 67, 66), (13, 18, 20), (19, 112, 111)]
[[3, 64, 97, 91], [64, 97, 18, 128, 0, 116, 1, 111, 1, 36, 1, 66, 1, 20, 2, 250, 0, 0, 0, 111]]

# 5882,5893 22:46:35.4596000 [(5, 128, 144), (20, 184, 168)]
[[3, 64, 98, 90], [64, 98, 19, 128, 0, 144, 94, 1, 210, 0, 0, 1, 253, 255, 0, 100, 0, 0, 0, 0, 168]]

# 6356,6367 22:46:40.3344872 [(15, 0, 32), (20, 0, 224)]
[[3, 64, 96, 92], [64, 96, 19, 128, 0, 64, 0, 0, 0, 71, 38, 2, 250, 0, 160, 32, 27, 242, 118, 0, 224]]

# 6416,6427 22:46:40.3819908 [(9, 36, 35), (19, 111, 112)]
[[3, 64, 97, 91], [64, 97, 18, 128, 0, 116, 1, 111, 1, 35, 1, 66, 1, 20, 2, 250, 0, 0, 0, 112]]

# 7008,7019 22:46:45.3817911 [(11, 66, 65), (19, 112, 113)]
[[3, 64, 97, 91], [64, 97, 18, 128, 0, 116, 1, 111, 1, 35, 1, 65, 1, 20, 2, 250, 0, 0, 0, 113]]

# 7616,7627 22:46:50.3504666 [(9, 35, 34), (19, 113, 114)]
[[3, 64, 97, 91], [64, 97, 18, 128, 0, 116, 1, 111, 1, 34, 1, 65, 1, 20, 2, 250, 0, 0, 0, 114]]

# 8216,8227 22:46:55.3507287 [(7, 111, 110), (11, 65, 64), (13, 20, 21), (19, 114, 115)]
[[3, 64, 97, 91], [64, 97, 18, 128, 0, 116, 1, 110, 1, 34, 1, 64, 1, 21, 2, 250, 0, 0, 0, 115]]

# 8808,8819 22:47:00.3659031 [(9, 34, 33), (19, 115, 116)]
[[3, 64, 97, 91], [64, 97, 18, 128, 0, 116, 1, 110, 1, 33, 1, 64, 1, 21, 2, 250, 0, 0, 0, 116]]

# 9190,9201 22:47:05.2098296 [(7, 94, 89), (17, 120, 117), (20, 157, 165)]
[[3, 64, 32, 156], [64, 32, 19, 160, 0, 0, 0, 89, 1, 0, 0, 160, 0, 0, 0, 215, 0, 117, 0, 1, 165]]

# 10664,10675 22:47:15.3814176 [(9, 33, 32), (13, 21, 22)]
[[3, 64, 97, 91], [64, 97, 18, 128, 0, 116, 1, 110, 1, 32, 1, 64, 1, 22, 2, 250, 0, 0, 0, 116]]

# 11272,11283 22:47:20.3501483 [(11, 64, 63), (19, 116, 117)]
[[3, 64, 97, 91], [64, 97, 18, 128, 0, 116, 1, 110, 1, 32, 1, 63, 1, 22, 2, 250, 0, 0, 0, 117]]

# 11872,11883 22:47:25.3507790 [(9, 32, 31), (19, 117, 118)]
[[3, 64, 97, 91], [64, 97, 18, 128, 0, 116, 1, 110, 1, 31, 1, 63, 1, 22, 2, 250, 0, 0, 0, 118]]

# 12472,12483 22:47:30.3814631 [(7, 110, 109), (11, 63, 62), (19, 118, 120)]
[[3, 64, 97, 91], [64, 97, 18, 128, 0, 116, 1, 109, 1, 31, 1, 62, 1, 22, 2, 250, 0, 0, 0, 120]]

# 13004,13015 22:47:35.3348104 [(13, 0, None), (14, 160, None), (15, 32, None), (16, 27, None), (17, 242, None), (18, 118, None), (19, 0, None), (20, 224, None)]
[[3, 64, 96, 92], [64, 96, 19, 128, 0, 64, 0, 0, 0, 71, 38, 2, 250]]
# 13044,13069 22:47:36.1163105 
[[3, 64, 96, 92, 3, 64, 96, 92], [0, 160, 32, 27, 242, 118, 0, 224, 64, 96, 19, 128, 0, 64, 0, 0, 0, 71, 38, 2, 250, 0, 160, 32, 27, 242, 118, 0, 224, 64, 96, 19, 128, 0, 64, 0, 0, 0, 71, 38, 2, 250, 0, 160, 32, 27, 242, 118, 0, 224]]

# 13184,13195 22:47:36.5384931 [(11, 62, 63), (19, 120, 119)]
[[3, 64, 97, 91], [64, 97, 18, 128, 0, 116, 1, 109, 1, 31, 1, 63, 1, 22, 2, 250, 0, 0, 0, 119]]

# 13558,13569 22:47:40.1632036 [(3, 160, 165), (20, 165, 160)]
[[3, 64, 32, 156], [64, 32, 19, 165, 0, 0, 0, 89, 1, 0, 0, 160, 0, 0, 0, 215, 0, 117, 0, 1, 160]]

# 13740,13751 22:47:40.3192023 [(13, None, 0), (14, None, 160), (15, None, 32), (16, None, 27), (17, None, 242), (18, None, 118), (19, None, 0), (20, None, 224)]
[[3, 64, 96, 92], [64, 96, 19, 128, 0, 64, 0, 0, 0, 71, 38, 2, 250, 0, 160, 32, 27, 242, 118, 0, 224]]

# 13808,13819 22:47:40.3819291 [(11, 63, 62), (19, 119, 120)]
[[3, 64, 97, 91], [64, 97, 18, 128, 0, 116, 1, 109, 1, 31, 1, 62, 1, 22, 2, 250, 0, 0, 0, 120]]

# 14384,14395 22:47:45.3658605 [(9, 31, 30), (19, 120, 121)]
[[3, 64, 97, 91], [64, 97, 18, 128, 0, 116, 1, 109, 1, 30, 1, 62, 1, 22, 2, 250, 0, 0, 0, 121]]

# 15000,15011 22:47:50.3817713 [(5, 116, 115), (11, 62, 61), (19, 121, 123)]
[[3, 64, 97, 91], [64, 97, 18, 128, 0, 115, 1, 109, 1, 30, 1, 61, 1, 22, 2, 250, 0, 0, 0, 123]]

# 15592,15603 22:47:55.3507115 [(7, 109, 108), (9, 30, 29), (11, 61, 60), (19, 123, 126)]
[[3, 64, 97, 91], [64, 97, 18, 128, 0, 115, 1, 108, 1, 29, 1, 60, 1, 22, 2, 250, 0, 0, 0, 126]]

# 16176,16187 22:48:00.3814817 [(13, 22, 21), (19, 126, 127)]
[[3, 64, 97, 91], [64, 97, 18, 128, 0, 115, 1, 108, 1, 29, 1, 60, 1, 21, 2, 250, 0, 0, 0, 127]]

# 16234,16245 22:48:00.4282002 [(5, 144, 128), (20, 168, 184)]
[[3, 64, 98, 90], [64, 98, 19, 128, 0, 128, 94, 1, 210, 0, 0, 1, 253, 255, 0, 100, 0, 0, 0, 0, 184]]

# 16708,16719 22:48:05.3346454 [(15, 32, 0), (20, 224, 0)]
[[3, 64, 96, 92], [64, 96, 19, 128, 0, 64, 0, 0, 0, 71, 38, 2, 250, 0, 160, 0, 27, 242, 118, 0, 0]]

# 16826,16837 22:48:05.4284828 [(5, 128, 144), (20, 184, 168)]
[[3, 64, 98, 90], [64, 98, 19, 128, 0, 144, 94, 1, 210, 0, 0, 1, 253, 255, 0, 100, 0, 0, 0, 0, 168]]

# 17134,17145 22:48:10.1782673 [(7, 89, 84), (20, 160, 165)]
[[3, 64, 32, 156], [64, 32, 19, 165, 0, 0, 0, 84, 1, 0, 0, 160, 0, 0, 0, 215, 0, 117, 0, 1, 165]]

# 17384,17395 22:48:10.4130779 [(11, 60, 59), (19, 127, 128)]
[[3, 64, 97, 91], [64, 97, 18, 128, 0, 115, 1, 108, 1, 29, 1, 59, 1, 21, 2, 250, 0, 0, 0, 128]]

# 17976,17987 22:48:15.3503929 [(5, 115, 116), (13, 21, 22), (19, 128, 126)]
[[3, 64, 97, 91], [64, 97, 18, 128, 0, 116, 1, 108, 1, 29, 1, 59, 1, 22, 2, 250, 0, 0, 0, 126]]

# 18042,18053 22:48:15.4131785 [(5, 144, 128), (20, 168, 184)]
[[3, 64, 98, 90], [64, 98, 19, 128, 0, 128, 94, 1, 210, 0, 0, 1, 253, 255, 0, 100, 0, 0, 0, 0, 184]]

# 18568,18579 22:48:20.3501937 [(5, 116, 115), (13, 22, 21), (19, 126, 128)]
[[3, 64, 97, 91], [64, 97, 18, 128, 0, 115, 1, 108, 1, 29, 1, 59, 1, 21, 2, 250, 0, 0, 0, 128]]

# 18634,18645 22:48:20.3971385 [(5, 128, 0), (20, 184, 56)]
[[3, 64, 98, 90], [64, 98, 19, 128, 0, 0, 94, 1, 210, 0, 0, 1, 253, 255, 0, 100, 0, 0, 0, 0, 56]]

# 19160,19171 22:48:25.3507201 [(9, 29, 28), (11, 59, 58), (13, 21, 22), (19, 128, 129)]
[[3, 64, 97, 91], [64, 97, 18, 128, 0, 115, 1, 108, 1, 28, 1, 58, 1, 22, 2, 250, 0, 0, 0, 129]]

# 19218,19229 22:48:25.3970103 [(5, 0, 128), (20, 56, 184)]
[[3, 64, 98, 90], [64, 98, 19, 128, 0, 128, 94, 1, 210, 0, 0, 1, 253, 255, 0, 100, 0, 0, 0, 0, 184]]

# 19700,19711 22:48:30.3661336 [(10, 38, 58), (20, 0, 236)]
[[3, 64, 96, 92], [64, 96, 19, 128, 0, 64, 0, 0, 0, 71, 58, 2, 250, 0, 160, 0, 27, 242, 118, 0, 236]]

# 19760,19771 22:48:30.4132034 [(7, 108, 107), (19, 129, 130)]
[[3, 64, 97, 91], [64, 97, 18, 128, 0, 115, 1, 107, 1, 28, 1, 58, 1, 22, 2, 250, 0, 0, 0, 130]]

# 20292,20303 22:48:35.3344449 [(10, 58, 38), (20, 236, 0)]
[[3, 64, 96, 92], [64, 96, 19, 128, 0, 64, 0, 0, 0, 71, 38, 2, 250, 0, 160, 0, 27, 242, 118, 0, 0]]

# 20352,20363 22:48:35.3820112 [(13, 22, 23), (19, 130, 129)]
[[3, 64, 97, 91], [64, 97, 18, 128, 0, 115, 1, 107, 1, 28, 1, 58, 1, 23, 2, 250, 0, 0, 0, 129]]

# 21026,21037 22:48:40.4284308 [(5, 128, 144), (20, 184, 168)]
[[3, 64, 98, 90], [64, 98, 19, 128, 0, 144, 94, 1, 210, 0, 0, 1, 253, 255, 0, 100, 0, 0, 0, 0, 168]]

# 21334,21345 22:48:45.1626193 [(11, 160, 155), (20, 165, 170)]
[[3, 64, 32, 156], [64, 32, 19, 165, 0, 0, 0, 84, 1, 0, 0, 155, 0, 0, 0, 215, 0, 117, 0, 1, 170]]

# 21402,21413 22:48:45.2095790 [(10, 160, 155), (19, 193, 198)]
[[3, 64, 33, 155], [64, 33, 18, 5, 0, 0, 0, 38, 0, 0, 155, 0, 0, 0, 0, 0, 0, 0, 0, 198]]

# 22176,22187 22:48:50.3504645 [(11, 58, 57), (13, 23, 25), (19, 129, 128)]
[[3, 64, 97, 91], [64, 97, 18, 128, 0, 115, 1, 107, 1, 28, 1, 57, 1, 25, 2, 250, 0, 0, 0, 128]]

# 22768,22779 22:48:55.3660395 [(9, 28, 27), (19, 128, 129)]
[[3, 64, 97, 91], [64, 97, 18, 128, 0, 115, 1, 107, 1, 27, 1, 57, 1, 25, 2, 250, 0, 0, 0, 129]]

# 23984,23995 22:49:05.3817065 [(7, 107, 106), (11, 57, 56), (19, 129, 131)]
[[3, 64, 97, 91], [64, 97, 18, 128, 0, 115, 1, 106, 1, 27, 1, 56, 1, 25, 2, 250, 0, 0, 0, 131]]

# 24584,24595 22:49:10.3505450 [(5, 115, 116), (7, 106, 107), (13, 25, 26), (19, 131, 128)]
[[3, 64, 97, 91], [64, 97, 18, 128, 0, 116, 1, 107, 1, 27, 1, 56, 1, 26, 2, 250, 0, 0, 0, 128]]

# 25202,25213 22:49:15.4128685 [(5, 116, 115), (7, 107, 106), (11, 56, 55), (19, 128, 131)]
[[3, 64, 97, 91], [64, 97, 18, 128, 0, 115, 1, 106, 1, 27, 1, 55, 1, 26, 2, 250, 0, 0, 0, 131]]

# 25562,25573 22:49:20.1469652 [(7, 84, 79), (20, 170, 175)]
[[3, 64, 32, 156], [64, 32, 19, 165, 0, 0, 0, 79, 1, 0, 0, 155, 0, 0, 0, 215, 0, 117, 0, 1, 175]]

# 25736,25747 22:49:20.3200120 [(5, 64, 16), (20, 0, 48)]
[[3, 64, 96, 92], [64, 96, 19, 128, 0, 16, 0, 0, 0, 71, 38, 2, 250, 0, 160, 0, 27, 242, 118, 0, 48]]

# 25804,25815 22:49:20.3816868 [(5, 115, 116), (9, 27, 26), (13, 26, 25), (19, 131, 132)]
[[3, 64, 97, 91], [64, 97, 18, 128, 0, 116, 1, 106, 1, 26, 1, 55, 1, 25, 2, 250, 0, 0, 0, 132]]

# 25864,25875 22:49:20.4284707 [(10, 0, 16), (15, 100, 94), (20, 168, 158)]
[[3, 64, 98, 90], [64, 98, 19, 128, 0, 144, 94, 1, 210, 0, 16, 1, 253, 255, 0, 94, 0, 0, 0, 0, 158]]

# 25958,25969 22:49:20.5066409 [(10, 94, 250), (11, 1, 0), (15, 108, 209)]
[[3, 64, 100, 88], [64, 100, 14, 128, 0, 2, 0, 0, 0, 0, 250, 0, 0, 0, 0, 209]]

# 26346,26357 22:49:25.3190391 [(14, 160, 224), (15, 0, 2), (20, 48, 238)]
[[3, 64, 96, 92], [64, 96, 19, 128, 0, 16, 0, 0, 0, 71, 38, 2, 250, 0, 224, 2, 27, 242, 118, 0, 238]]

# 26414,26425 22:49:25.3815998 [(5, 116, 115), (7, 106, 105), (9, 26, 25), (13, 25, 26), (19, 132, 134)]
[[3, 64, 97, 91], [64, 97, 18, 128, 0, 115, 1, 105, 1, 25, 1, 55, 1, 26, 2, 250, 0, 0, 0, 134]]

# 26858,26869 22:49:30.2722708 [(7, 38, 248), (19, 198, 244)]
[[3, 64, 33, 155], [64, 33, 18, 5, 0, 0, 0, 248, 0, 0, 155, 0, 0, 0, 0, 0, 0, 0, 0, 244]]

# 27032,27043 22:49:30.4282824 [(11, 55, 54), (19, 134, 135)]
[[3, 64, 97, 91], [64, 97, 18, 128, 0, 115, 1, 105, 1, 25, 1, 54, 1, 26, 2, 250, 0, 0, 0, 135]]

# 27100,27111 22:49:30.4752118 [(12, 253, 72), (13, 255, 0), (15, 94, 24), (20, 158, 152)]
[[3, 64, 98, 90], [64, 98, 19, 128, 0, 144, 94, 1, 210, 0, 16, 1, 72, 0, 0, 24, 0, 0, 0, 0, 152]]

# 27304,27315 22:49:35.0694571 [(3, 0, 1), (19, 87, 86)]
[[3, 64, 16, 172], [64, 16, 18, 1, 0, 0, 0, 0, 0, 67, 3, 0, 0, 0, 0, 0, 0, 0, 0, 86]]

# 27408,27419 22:49:35.1783119 [(15, 215, 200), (20, 175, 190)]
[[3, 64, 32, 156], [64, 32, 19, 165, 0, 0, 0, 79, 1, 0, 0, 155, 0, 0, 0, 200, 0, 117, 0, 1, 190]]

# 27650,27661 22:49:35.3815119 [(11, 54, 55), (19, 135, 134)]
[[3, 64, 97, 91], [64, 97, 18, 128, 0, 115, 1, 105, 1, 25, 1, 55, 1, 26, 2, 250, 0, 0, 0, 134]]

# 27710,27721 22:49:35.4283079 [(12, 72, 118), (20, 152, 106)]
[[3, 64, 98, 90], [64, 98, 19, 128, 0, 144, 94, 1, 210, 0, 16, 1, 118, 0, 0, 24, 0, 0, 0, 0, 106]]

# 28136,28147 22:49:40.2879867 [(10, 0, 128), (14, 191, 63)]
[[3, 64, 48, 140], [64, 48, 13, 0, 0, 0, 194, 1, 0, 0, 128, 0, 0, 0, 63]]

# 28244,28255 22:49:40.3820704 [(5, 115, 112), (7, 105, 108), (11, 55, 61), (19, 134, 128)]
[[3, 64, 97, 91], [64, 97, 18, 128, 0, 112, 1, 108, 1, 25, 1, 61, 1, 26, 2, 250, 0, 0, 0, 128]]

# 28312,28323 22:49:40.4282359 [(12, 118, 117), (20, 106, 107)]
[[3, 64, 98, 90], [64, 98, 19, 128, 0, 144, 94, 1, 210, 0, 16, 1, 117, 0, 0, 24, 0, 0, 0, 0, 107]]

# 28846,28857 22:49:45.3814787 [(5, 112, 106), (7, 108, 105), (11, 61, 65), (13, 26, 27), (19, 128, 132)]
[[3, 64, 97, 91], [64, 97, 18, 128, 0, 106, 1, 105, 1, 25, 1, 65, 1, 27, 2, 250, 0, 0, 0, 132]]

# 29454,29465 22:49:50.3818838 [(5, 106, 101), (7, 105, 96), (9, 25, 24), (11, 65, 68), (19, 132, 144)]
[[3, 64, 97, 91], [64, 97, 18, 128, 0, 101, 1, 96, 1, 24, 1, 68, 1, 27, 2, 250, 0, 0, 0, 144]]

# 29512,29523 22:49:50.4285522 [(12, 117, 118), (20, 107, 106)]
[[3, 64, 98, 90], [64, 98, 19, 128, 0, 144, 94, 1, 210, 0, 16, 1, 118, 0, 0, 24, 0, 0, 0, 0, 106]]

# 30062,30073 22:49:55.3818195 [(5, 101, 96), (7, 96, 86), (11, 68, 69), (19, 144, 158)]
[[3, 64, 97, 91], [64, 97, 18, 128, 0, 96, 1, 86, 1, 24, 1, 69, 1, 27, 2, 250, 0, 0, 0, 158]]

# 30120,30131 22:49:55.4285337 [(12, 118, 122), (20, 106, 102)]
[[3, 64, 98, 90], [64, 98, 19, 128, 0, 144, 94, 1, 210, 0, 16, 1, 122, 0, 0, 24, 0, 0, 0, 0, 102]]

# 30654,30665 22:50:00.3507671 [(5, 96, 93), (7, 86, 79), (11, 69, 70), (19, 158, 167)]
[[3, 64, 97, 91], [64, 97, 18, 128, 0, 93, 1, 79, 1, 24, 1, 70, 1, 27, 2, 250, 0, 0, 0, 167]]

# 30720,30731 22:50:00.3972908 [(12, 122, 120), (20, 102, 104)]
[[3, 64, 98, 90], [64, 98, 19, 128, 0, 144, 94, 1, 210, 0, 16, 1, 120, 0, 0, 24, 0, 0, 0, 0, 104]]

# 31246,31257 22:50:05.3505070 [(5, 93, 89), (7, 79, 77), (19, 167, 173)]
[[3, 64, 97, 91], [64, 97, 18, 128, 0, 89, 1, 77, 1, 24, 1, 70, 1, 27, 2, 250, 0, 0, 0, 173]]

# 31304,31315 22:50:05.3970144 [(12, 120, 118), (20, 104, 106)]
[[3, 64, 98, 90], [64, 98, 19, 128, 0, 144, 94, 1, 210, 0, 16, 1, 118, 0, 0, 24, 0, 0, 0, 0, 106]]

# 31846,31857 22:50:10.3972122 [(5, 89, 86), (7, 77, 74), (11, 70, 71), (19, 173, 178)]
[[3, 64, 97, 91], [64, 97, 18, 128, 0, 86, 1, 74, 1, 24, 1, 71, 1, 27, 2, 250, 0, 0, 0, 178]]

# 31904,31915 22:50:10.4442079 [(12, 118, 117), (20, 106, 107)]
[[3, 64, 98, 90], [64, 98, 19, 128, 0, 144, 94, 1, 210, 0, 16, 1, 117, 0, 0, 24, 0, 0, 0, 0, 107]]

# 32446,32457 22:50:15.3821843 [(5, 86, 83), (7, 74, 72), (11, 71, 72), (13, 27, 26), (19, 178, 183)]
[[3, 64, 97, 91], [64, 97, 18, 128, 0, 83, 1, 72, 1, 24, 1, 72, 1, 26, 2, 250, 0, 0, 0, 183]]

# 33048,33059 22:50:20.3818789 [(5, 83, 81), (7, 72, 71), (11, 72, 74), (19, 183, 184)]
[[3, 64, 97, 91], [64, 97, 18, 128, 0, 81, 1, 71, 1, 24, 1, 74, 1, 26, 2, 250, 0, 0, 0, 184]]

# 33416,33427 22:50:25.1783458 [(7, 79, 74), (20, 190, 195)]
[[3, 64, 32, 156], [64, 32, 19, 165, 0, 0, 0, 74, 1, 0, 0, 155, 0, 0, 0, 200, 0, 117, 0, 1, 195]]

# 33650,33661 22:50:25.3819298 [(5, 81, 80), (9, 24, 23), (13, 26, 25), (19, 184, 187)]
[[3, 64, 97, 91], [64, 97, 18, 128, 0, 80, 1, 71, 1, 23, 1, 74, 1, 25, 2, 250, 0, 0, 0, 187]]

# 33708,33719 22:50:25.4282917 [(12, 117, 119), (20, 107, 105)]
[[3, 64, 98, 90], [64, 98, 19, 128, 0, 144, 94, 1, 210, 0, 16, 1, 119, 0, 0, 24, 0, 0, 0, 0, 105]]

# 34266,34277 22:50:30.3813860 [(5, 80, 79), (7, 71, 72), (11, 74, 64), (19, 187, 197)]
[[3, 64, 97, 91], [64, 97, 18, 128, 0, 79, 1, 72, 1, 23, 1, 64, 1, 25, 2, 250, 0, 0, 0, 197]]

# 34324,34335 22:50:30.4286186 [(12, 119, 117), (20, 105, 107)]
[[3, 64, 98, 90], [64, 98, 19, 128, 0, 144, 94, 1, 210, 0, 16, 1, 117, 0, 0, 24, 0, 0, 0, 0, 107]]

# 34874,34885 22:50:35.3661797 [(5, 79, 78), (7, 72, 73), (11, 64, 48), (19, 197, 213)]
[[3, 64, 97, 91], [64, 97, 18, 128, 0, 78, 1, 73, 1, 23, 1, 48, 1, 25, 2, 250, 0, 0, 0, 213]]

# 35458,35469 22:50:40.3503080 [(5, 78, 74), (7, 73, 72), (9, 23, 24), (11, 48, 32), (19, 213, 233)]
[[3, 64, 97, 91], [64, 97, 18, 128, 0, 74, 1, 72, 1, 24, 1, 32, 1, 25, 2, 250, 0, 0, 0, 233]]

# 35824,35835 22:50:45.1942407 [(17, 117, 115), (20, 195, 197)]
[[3, 64, 32, 156], [64, 32, 19, 165, 0, 0, 0, 74, 1, 0, 0, 155, 0, 0, 0, 200, 0, 115, 0, 1, 197]]

# 36058,36077 22:50:45.3815400 [(5, 74, 66), (7, 72, 66), (9, 24, 23), (11, 32, 21), (19, 233, 3)]
[[3, 64, 97, 91], [64, 97, 18, 128, 0, 66, 1, 66, 1, 23, 1, 21, 1, 25, 2, 250, 0, 0, 0, 3]]

# 36120,36131 22:50:46.0849887 [(5, 66, None), (6, 1, None), (7, 66, None), (8, 1, None), (9, 23, None), (10, 1, None), (11, 21, None), (12, 1, None), (13, 25, None), (14, 2, None), (15, 250, None), (16, 0, None), (17, 0, None), (18, 0, None), (19, 3, None)]
[[3, 64, 97, 91], [64, 97, 18, 128, 0]]

# 36140,36151 22:50:46.1005433 [(0, 64, 65), (1, 98, 1), (2, 19, 64), (3, 128, 1), (4, 0, 23), (5, 144, 1), (6, 94, 19), (8, 210, 25), (9, 0, 2), (10, 16, 250), (11, 1, 0), (12, 117, 0), (14, 0, 8), (15, 24, None), (16, 0, None), (17, 0, None), (18, 0, None), (19, 0, None), (20, 107, None)]
[[3, 64, 98, 90], [65, 1, 64, 1, 23, 1, 19, 1, 25, 2, 250, 0, 0, 0, 8]]

# 36188,36199 22:50:46.3193660 [(0, 65, 64), (1, 1, 98), (2, 64, 19), (3, 1, 128), (4, 23, 0), (5, 1, 144), (6, 19, 94), (8, 25, 210), (9, 2, 0), (10, 250, 16), (11, 0, 1), (12, 0, 118), (14, 8, 0), (15, None, 24), (16, None, 0), (17, None, 0), (18, None, 0), (19, None, 0), (20, None, 106)]
[[3, 64, 98, 90], [64, 98, 19, 128, 0, 144, 94, 1, 210, 0, 16, 1, 118, 0, 0, 24, 0, 0, 0, 0, 106]]

# 36256,36267 22:50:46.5380357 [(12, 118, 119), (20, 106, 105)]
[[3, 64, 98, 90], [64, 98, 19, 128, 0, 144, 94, 1, 210, 0, 16, 1, 119, 0, 0, 24, 0, 0, 0, 0, 105]]

# 36814,36825 22:50:50.4126150 [(5, None, 58), (6, None, 1), (7, None, 51), (8, None, 1), (9, None, 23), (10, None, 1), (11, None, 11), (12, None, 1), (13, None, 25), (14, None, 2), (15, None, 250), (16, None, 0), (17, None, 0), (18, None, 0), (19, None, 36)]
[[3, 64, 97, 91], [64, 97, 18, 128, 0, 58, 1, 51, 1, 23, 1, 11, 1, 25, 2, 250, 0, 0, 0, 36]]

# 37406,37417 22:50:55.3817530 [(5, 58, 51), (7, 51, 38), (11, 11, 6), (19, 36, 61)]
[[3, 64, 97, 91], [64, 97, 18, 128, 0, 51, 1, 38, 1, 23, 1, 6, 1, 25, 2, 250, 0, 0, 0, 61]]

# 37464,37475 22:50:55.4284971 [(12, 119, 118), (20, 105, 106)]
[[3, 64, 98, 90], [64, 98, 19, 128, 0, 144, 94, 1, 210, 0, 16, 1, 118, 0, 0, 24, 0, 0, 0, 0, 106]]

# 37764,37775 22:51:00.1786083 [(11, 155, 150), (17, 115, 117), (20, 197, 200)]
[[3, 64, 32, 156], [64, 32, 19, 165, 0, 0, 0, 74, 1, 0, 0, 150, 0, 0, 0, 200, 0, 117, 0, 1, 200]]

# 37832,37843 22:51:00.2409211 [(10, 155, 150), (19, 244, 249)]
[[3, 64, 33, 155], [64, 33, 18, 5, 0, 0, 0, 248, 0, 0, 150, 0, 0, 0, 0, 0, 0, 0, 0, 249]]

# 38014,38025 22:51:00.4133222 [(5, 51, 42), (7, 38, 24), (19, 61, 84)]
[[3, 64, 97, 91], [64, 97, 18, 128, 0, 42, 1, 24, 1, 23, 1, 6, 1, 25, 2, 250, 0, 0, 0, 84]]

# 38072,38083 22:51:00.4597090 [(12, 118, 117), (20, 106, 107)]
[[3, 64, 98, 90], [64, 98, 19, 128, 0, 144, 94, 1, 210, 0, 16, 1, 117, 0, 0, 24, 0, 0, 0, 0, 107]]

# 38546,38557 22:51:05.3032371 [(15, 2, 34), (20, 238, 206)]
[[3, 64, 96, 92], [64, 96, 19, 128, 0, 16, 0, 0, 0, 71, 38, 2, 250, 0, 224, 34, 27, 242, 118, 0, 206]]

# 38614,38625 22:51:05.3664332 [(5, 42, 36), (7, 24, 15), (11, 6, 15), (19, 84, 90)]
[[3, 64, 97, 91], [64, 97, 18, 128, 0, 36, 1, 15, 1, 23, 1, 15, 1, 25, 2, 250, 0, 0, 0, 90]]

# 38672,38683 22:51:05.4285363 [(12, 117, 118), (20, 107, 106)]
[[3, 64, 98, 90], [64, 98, 19, 128, 0, 144, 94, 1, 210, 0, 16, 1, 118, 0, 0, 24, 0, 0, 0, 0, 106]]

# 39032,39043 22:51:10.2098491 [(7, 248, 246), (19, 249, 251)]
[[3, 64, 33, 155], [64, 33, 18, 5, 0, 0, 0, 246, 0, 0, 150, 0, 0, 0, 0, 0, 0, 0, 0, 251]]

# 39206,39217 22:51:10.3504047 [(5, 36, 31), (7, 15, 8), (11, 15, 29), (19, 90, 88)]
[[3, 64, 97, 91], [64, 97, 18, 128, 0, 31, 1, 8, 1, 23, 1, 29, 1, 25, 2, 250, 0, 0, 0, 88]]

# 39272,39283 22:51:10.3971125 [(12, 118, 117), (20, 106, 107)]
[[3, 64, 98, 90], [64, 98, 19, 128, 0, 144, 94, 1, 210, 0, 16, 1, 117, 0, 0, 24, 0, 0, 0, 0, 107]]

# 39572,39583 22:51:15.1785283 [(17, 117, 115), (20, 200, 202)]
[[3, 64, 32, 156], [64, 32, 19, 165, 0, 0, 0, 74, 1, 0, 0, 150, 0, 0, 0, 200, 0, 115, 0, 1, 202]]

# 39798,39809 22:51:15.3659705 [(5, 31, 30), (7, 8, 6), (11, 29, 43), (19, 88, 77)]
[[3, 64, 97, 91], [64, 97, 18, 128, 0, 30, 1, 6, 1, 23, 1, 43, 1, 25, 2, 250, 0, 0, 0, 77]]

# 40422,40433 22:51:20.4132861 [(5, 30, 32), (7, 6, 12), (11, 43, 57), (19, 77, 55)]
[[3, 64, 97, 91], [64, 97, 18, 128, 0, 32, 1, 12, 1, 23, 1, 57, 1, 25, 2, 250, 0, 0, 0, 55]]

# 40480,40491 22:51:20.4594305 [(10, 16, 0), (12, 117, 108), (15, 24, 100), (20, 107, 56)]
[[3, 64, 98, 90], [64, 98, 19, 128, 0, 144, 94, 1, 210, 0, 0, 1, 108, 0, 0, 100, 0, 0, 0, 0, 56]]

# 40840,40851 22:51:25.2098100 [(7, 246, 243), (19, 251, 254)]
[[3, 64, 33, 155], [64, 33, 18, 5, 0, 0, 0, 243, 0, 0, 150, 0, 0, 0, 0, 0, 0, 0, 0, 254]]

# 40954,40965 22:51:25.3191508 [(5, 16, 64), (14, 224, 160), (15, 34, 32), (20, 206, 224)]
[[3, 64, 96, 92], [64, 96, 19, 128, 0, 64, 0, 0, 0, 71, 38, 2, 250, 0, 160, 32, 27, 242, 118, 0, 224]]

# 41022,41033 22:51:25.3817951 [(5, 32, 36), (7, 12, 22), (11, 57, 66), (13, 25, 26), (19, 55, 31)]
[[3, 64, 97, 91], [64, 97, 18, 128, 0, 36, 1, 22, 1, 23, 1, 66, 1, 26, 2, 250, 0, 0, 0, 31]]

# 41090,41101 22:51:25.4286626 [(12, 108, 253), (13, 0, 255), (20, 56, 168)]
[[3, 64, 98, 90], [64, 98, 19, 128, 0, 144, 94, 1, 210, 0, 0, 1, 253, 255, 0, 100, 0, 0, 0, 0, 168]]

# 41294,41305 22:51:30.0844895 [(3, 1, 0), (19, 86, 87)]
[[3, 64, 16, 172], [64, 16, 18, 0, 0, 0, 0, 0, 0, 67, 3, 0, 0, 0, 0, 0, 0, 0, 0, 87]]

# 41624,41635 22:51:30.3817654 [(5, 36, 39), (7, 22, 31), (11, 66, 72), (19, 31, 13)]
[[3, 64, 97, 91], [64, 97, 18, 128, 0, 39, 1, 31, 1, 23, 1, 72, 1, 26, 2, 250, 0, 0, 0, 13]]

# 41992,42003 22:51:35.1785402 [(3, 165, 160), (20, 202, 207)]
[[3, 64, 32, 156], [64, 32, 19, 160, 0, 0, 0, 74, 1, 0, 0, 150, 0, 0, 0, 200, 0, 115, 0, 1, 207]]

# 42226,42237 22:51:35.3818653 [(5, 39, 43), (7, 31, 37), (9, 23, 24), (11, 72, 76), (19, 13, 254)]
[[3, 64, 97, 91], [64, 97, 18, 128, 0, 43, 1, 37, 1, 24, 1, 76, 1, 26, 2, 250, 0, 0, 0, 254]]

# 42720,42731 22:51:40.2882745 [(10, 128, 0), (14, 63, 191)]
[[3, 64, 48, 140], [64, 48, 13, 0, 0, 0, 194, 1, 0, 0, 0, 0, 0, 0, 191]]

# 42828,42839 22:51:40.3818353 [(5, 43, 46), (7, 37, 39), (9, 24, 23), (11, 76, 79), (19, 254, 247)]
[[3, 64, 97, 91], [64, 97, 18, 128, 0, 46, 1, 39, 1, 23, 1, 79, 1, 26, 2, 250, 0, 0, 0, 247]]

# 43048,43058 22:51:45.0380990 [(3, 4, 0), (4, 1, 0), (6, 1, 0), (7, 1, 0), (8, 1, 0), (10, 2, 0), (11, 1, 0), (12, 1, 0), (13, 4, 0), (14, 57, 0), (15, 60, 0), (16, 43, 176)]
[[3, 64, 0, 188], [64, 0, 15, 0, 0, 0, 0, 0, 0, 0, 0, 0, 0, 0, 0, 0, 176]]

# 43100,43111 22:51:45.0694677 [(9, 67, 0), (10, 3, 0), (19, 87, 157)]
[[3, 64, 16, 172], [64, 16, 18, 0, 0, 0, 0, 0, 0, 0, 0, 0, 0, 0, 0, 0, 0, 0, 0, 157]]

# 43166,43177 22:51:45.1314069 [(3, 2, 0), (4, 49, 0), (5, 149, 0), (6, 1, 0), (7, 2, 0), (8, 5, 0), (9, 214, 166)]
[[3, 64, 17, 171], [64, 17, 8, 0, 0, 0, 0, 0, 0, 166]]

# 43204,43215 22:51:45.1785851 [(3, 160, 0), (7, 74, 0), (8, 1, 0), (11, 150, 0), (15, 200, 0), (17, 115, 0), (20, 207, 139)]
[[3, 64, 32, 156], [64, 32, 19, 0, 0, 0, 0, 0, 0, 0, 0, 0, 0, 0, 0, 0, 0, 0, 0, 1, 139]]

# 43272,43283 22:51:45.2409813 [(3, 5, 0), (7, 243, 0), (10, 150, 0), (19, 254, 140)]
[[3, 64, 33, 155], [64, 33, 18, 0, 0, 0, 0, 0, 0, 0, 0, 0, 0, 0, 0, 0, 0, 0, 0, 140]]

# 43330,43341 22:51:45.2880632 [(6, 194, 0), (7, 1, 0), (14, 191, 130)]
[[3, 64, 48, 140], [64, 48, 13, 0, 0, 0, 0, 0, 0, 0, 0, 0, 0, 0, 130]]

# 43378,43389 22:51:45.3347470 [(12, 250, 117), (13, 0, 1), (15, 32, 0), (20, 224, 132)]
[[3, 64, 96, 92], [64, 96, 19, 128, 0, 64, 0, 0, 0, 71, 38, 2, 117, 1, 160, 0, 27, 242, 118, 0, 132]]

# 43446,43457 22:51:45.3971308 [(5, 46, 48), (7, 39, 40), (9, 23, 24), (15, 250, 4), (19, 247, 233)]
[[3, 64, 97, 91], [64, 97, 18, 128, 0, 48, 1, 40, 1, 24, 1, 79, 1, 26, 2, 4, 0, 0, 0, 233]]

# 43514,43525 22:51:45.4443617 [(5, 144, 0), (6, 94, 131), (11, 1, 0), (20, 168, 20)]
[[3, 64, 98, 90], [64, 98, 19, 128, 0, 0, 131, 1, 210, 0, 0, 0, 253, 255, 0, 100, 0, 0, 0, 0, 20]]

# 43616,43627 22:51:45.5219362 [(10, 250, 0), (15, 209, 203)]
[[3, 64, 100, 88], [64, 100, 14, 128, 0, 2, 0, 0, 0, 0, 0, 0, 0, 0, 0, 203]]

# 44056,44067 22:51:50.3971963 [(5, 48, 49), (9, 24, 23), (11, 79, 80), (19, 233, 232)]
[[3, 64, 97, 91], [64, 97, 18, 128, 0, 49, 1, 40, 1, 23, 1, 80, 1, 26, 2, 4, 0, 0, 0, 232]]

# 44124,44135 22:51:50.4442968 [(11, 0, 1), (20, 20, 19)]
[[3, 64, 98, 90], [64, 98, 19, 128, 0, 0, 131, 1, 210, 0, 0, 1, 253, 255, 0, 100, 0, 0, 0, 0, 19]]

# 44666,44677 22:51:55.3815709 [(5, 49, 50), (13, 26, 27), (19, 232, 230)]
[[3, 64, 97, 91], [64, 97, 18, 128, 0, 50, 1, 40, 1, 23, 1, 80, 1, 27, 2, 4, 0, 0, 0, 230]]

# 44876,44887 22:52:00.0375973 [(15, 0, 60), (16, 176, 116)]
[[3, 64, 0, 188], [64, 0, 15, 0, 0, 0, 0, 0, 0, 0, 0, 0, 0, 0, 0, 60, 116]]

# 45206,45217 22:52:00.3348448 [(12, 117, 250), (13, 1, 0), (20, 132, 0)]
[[3, 64, 96, 92], [64, 96, 19, 128, 0, 64, 0, 0, 0, 71, 38, 2, 250, 0, 160, 0, 27, 242, 118, 0, 0]]

# 45274,45285 22:52:00.3971404 [(5, 50, 52), (7, 40, 41), (19, 230, 227)]
[[3, 64, 97, 91], [64, 97, 18, 128, 0, 52, 1, 41, 1, 23, 1, 80, 1, 27, 2, 4, 0, 0, 0, 227]]

# 45332,45343 22:52:00.4442934 [(6, 131, 94), (20, 19, 56)]
[[3, 64, 98, 90], [64, 98, 19, 128, 0, 0, 94, 1, 210, 0, 0, 1, 253, 255, 0, 100, 0, 0, 0, 0, 56]]

# 45492,45502 22:52:05.0381503 [(3, 0, 4), (4, 0, 1), (6, 0, 1), (7, 0, 1), (8, 0, 1), (10, 0, 2), (11, 0, 1), (12, 0, 1), (16, 116, 104)]
[[3, 64, 0, 188], [64, 0, 15, 4, 1, 0, 1, 1, 1, 0, 2, 1, 1, 0, 0, 60, 104]]

# 45882,45893 22:52:05.3506328 [(5, 52, 53), (9, 23, 24), (19, 227, 225)]
[[3, 64, 97, 91], [64, 97, 18, 128, 0, 53, 1, 41, 1, 24, 1, 80, 1, 27, 2, 4, 0, 0, 0, 225]]

# 46152,46163 22:52:10.1005336 [(9, 0, 67), (10, 0, 3), (19, 157, 87)]
[[3, 64, 16, 172], [64, 16, 18, 0, 0, 0, 0, 0, 0, 67, 3, 0, 0, 0, 0, 0, 0, 0, 0, 87]]

# 46240,46251 22:52:10.1786246 [(3, 0, 165), (7, 0, 69), (8, 0, 1), (11, 0, 150), (15, 0, 215), (17, 0, 115), (20, 139, 192)]
[[3, 64, 32, 156], [64, 32, 19, 165, 0, 0, 0, 69, 1, 0, 0, 150, 0, 0, 0, 215, 0, 115, 0, 1, 192]]

# 46300,46311 22:52:10.2256280 [(3, 0, 5), (10, 0, 150), (19, 140, 241)]
[[3, 64, 33, 155], [64, 33, 18, 5, 0, 0, 0, 0, 0, 0, 150, 0, 0, 0, 0, 0, 0, 0, 0, 241]]

# 46466,46477 22:52:10.3507346 [(5, 53, 54), (9, 24, 23), (11, 80, 81), (19, 225, 224)]
[[3, 64, 97, 91], [64, 97, 18, 128, 0, 54, 1, 41, 1, 23, 1, 81, 1, 27, 2, 4, 0, 0, 0, 224]]

# 46692,46703 22:52:15.0381757 [(13, 0, 4), (14, 0, 57), (16, 104, 43)]
[[3, 64, 0, 188], [64, 0, 15, 4, 1, 0, 1, 1, 1, 0, 2, 1, 1, 4, 57, 60, 43]]

# 46966,46977 22:52:15.2877361 [(6, 0, 194), (7, 0, 1), (14, 130, 191)]
[[3, 64, 48, 140], [64, 48, 13, 0, 0, 0, 194, 1, 0, 0, 0, 0, 0, 0, 191]]

# 47074,47085 22:52:15.3817775 [(5, 54, 55), (11, 81, 80)]
[[3, 64, 97, 91], [64, 97, 18, 128, 0, 55, 1, 41, 1, 23, 1, 80, 1, 27, 2, 4, 0, 0, 0, 224]]

# 47418,47429 22:52:20.1469529 [(3, 0, 2), (4, 0, 49), (5, 0, 149), (6, 0, 1), (7, 0, 2), (8, 0, 5), (9, 166, 214)]
[[3, 64, 17, 171], [64, 17, 8, 2, 49, 149, 1, 2, 5, 214]]

# 47524,47535 22:52:20.2567330 [(7, 0, 78), (19, 241, 163)]
[[3, 64, 33, 155], [64, 33, 18, 5, 0, 0, 0, 78, 0, 0, 150, 0, 0, 0, 0, 0, 0, 0, 0, 163]]

# 47690,47701 22:52:20.3972097 [(5, 55, 56), (19, 224, 223)]
[[3, 64, 97, 91], [64, 97, 18, 128, 0, 56, 1, 41, 1, 23, 1, 80, 1, 27, 2, 4, 0, 0, 0, 223]]

# 48298,48309 22:52:25.3972759 [(9, 23, 24), (19, 223, 222)]
[[3, 64, 97, 91], [64, 97, 18, 128, 0, 56, 1, 41, 1, 24, 1, 80, 1, 27, 2, 4, 0, 0, 0, 222]]

# 48906,48917 22:52:30.3504906 [(5, 56, 57), (13, 27, 26)]
[[3, 64, 97, 91], [64, 97, 18, 128, 0, 57, 1, 41, 1, 24, 1, 80, 1, 26, 2, 4, 0, 0, 0, 222]]

# 49350,49361 22:52:35.2568400 [(7, 78, 41), (19, 163, 200)]
[[3, 64, 33, 155], [64, 33, 18, 5, 0, 0, 0, 41, 0, 0, 150, 0, 0, 0, 0, 0, 0, 0, 0, 200]]

# 49456,49467 22:52:35.3504444 [(10, 38, 58), (20, 0, 236)]
[[3, 64, 96, 92], [64, 96, 19, 128, 0, 64, 0, 0, 0, 71, 58, 2, 250, 0, 160, 0, 27, 242, 118, 0, 236]]

# 49516,49527 22:52:35.3971550 [(5, 57, 58), (11, 80, 81), (13, 26, 27), (15, 4, 250), (19, 222, 229)]
[[3, 64, 97, 91], [64, 97, 18, 128, 0, 58, 1, 41, 1, 24, 1, 81, 1, 27, 2, 250, 0, 0, 0, 229]]

# 49574,49585 22:52:35.4444182 [(5, 0, 128), (20, 56, 184)]
[[3, 64, 98, 90], [64, 98, 19, 128, 0, 128, 94, 1, 210, 0, 0, 1, 253, 255, 0, 100, 0, 0, 0, 0, 184]]

# 50064,50075 22:52:40.3348762 [(15, 0, 32), (20, 236, 204)]
[[3, 64, 96, 92], [64, 96, 19, 128, 0, 64, 0, 0, 0, 71, 58, 2, 250, 0, 160, 32, 27, 242, 118, 0, 204]]

# 50132,50143 22:52:40.3971784 [(11, 81, 80), (13, 27, 26), (19, 229, 231)]
[[3, 64, 97, 91], [64, 97, 18, 128, 0, 58, 1, 41, 1, 24, 1, 80, 1, 26, 2, 250, 0, 0, 0, 231]]

# 50200,50211 22:52:40.4442824 [(5, 128, 144), (20, 184, 168)]
[[3, 64, 98, 90], [64, 98, 19, 128, 0, 144, 94, 1, 210, 0, 0, 1, 253, 255, 0, 100, 0, 0, 0, 0, 168]]

# 50742,50753 22:52:45.3816607 [(5, 58, 59), (13, 26, 27), (19, 231, 229)]
[[3, 64, 97, 91], [64, 97, 18, 128, 0, 59, 1, 41, 1, 24, 1, 80, 1, 27, 2, 250, 0, 0, 0, 229]]

# 51168,51179 22:52:50.2251234 [(7, 41, 38), (19, 200, 203)]
[[3, 64, 33, 155], [64, 33, 18, 5, 0, 0, 0, 38, 0, 0, 150, 0, 0, 0, 0, 0, 0, 0, 0, 203]]

# 51350,51361 22:52:50.3973998 [(11, 80, 79), (13, 27, 26), (19, 229, 231)]
[[3, 64, 97, 91], [64, 97, 18, 128, 0, 59, 1, 41, 1, 24, 1, 79, 1, 26, 2, 250, 0, 0, 0, 231]]

# 51960,51971 22:52:55.3970495 [(13, 26, 27), (19, 231, 230)]
[[3, 64, 97, 91], [64, 97, 18, 128, 0, 59, 1, 41, 1, 24, 1, 79, 1, 27, 2, 250, 0, 0, 0, 230]]

# 53784,53795 22:53:10.3501659 [(9, 24, 25), (19, 230, 229)]
[[3, 64, 97, 91], [64, 97, 18, 128, 0, 59, 1, 41, 1, 25, 1, 79, 1, 27, 2, 250, 0, 0, 0, 229]]

# 54376,54387 22:53:15.3504466 [(13, 27, 28), (19, 229, 228)]
[[3, 64, 97, 91], [64, 97, 18, 128, 0, 59, 1, 41, 1, 25, 1, 79, 1, 28, 2, 250, 0, 0, 0, 228]]

# 54992,55003 22:53:20.3972088 [(5, 59, 60), (19, 228, 227)]
[[3, 64, 97, 91], [64, 97, 18, 128, 0, 60, 1, 41, 1, 25, 1, 79, 1, 28, 2, 250, 0, 0, 0, 227]]

# 57408,57419 22:53:40.3507074 [(7, 41, 40), (19, 227, 228)]
[[3, 64, 97, 91], [64, 97, 18, 128, 0, 60, 1, 40, 1, 25, 1, 79, 1, 28, 2, 250, 0, 0, 0, 228]]

# 58016,58027 22:53:45.3815367 [(5, 60, 61), (7, 40, 41), (13, 28, 30), (19, 228, 224)]
[[3, 64, 97, 91], [64, 97, 18, 128, 0, 61, 1, 41, 1, 25, 1, 79, 1, 30, 2, 250, 0, 0, 0, 224]]

# 58632,58643 22:53:50.3971907 [(5, 61, 60), (9, 25, 26)]
[[3, 64, 97, 91], [64, 97, 18, 128, 0, 60, 1, 41, 1, 26, 1, 79, 1, 30, 2, 250, 0, 0, 0, 224]]

# 59234,59245 22:53:55.3973136 [(5, 60, 61), (19, 224, 223)]
[[3, 64, 97, 91], [64, 97, 18, 128, 0, 61, 1, 41, 1, 26, 1, 79, 1, 30, 2, 250, 0, 0, 0, 223]]

# 59852,59863 22:54:00.3970134 [(5, 61, 60), (7, 41, 40), (19, 223, 225)]
[[3, 64, 97, 91], [64, 97, 18, 128, 0, 60, 1, 40, 1, 26, 1, 79, 1, 30, 2, 250, 0, 0, 0, 225]]

# 61056,61067 22:54:10.3500712 [(11, 79, 78), (19, 225, 226)]
[[3, 64, 97, 91], [64, 97, 18, 128, 0, 60, 1, 40, 1, 26, 1, 78, 1, 30, 2, 250, 0, 0, 0, 226]]
# 61226,61251 22:54:10.4911067 
[[3, 64, 100, 88, 3, 64, 100, 88], [64, 100, 14, 128, 0, 2, 0, 0, 0, 0, 0, 0, 0, 0, 0, 203, 64, 100, 14, 128, 0, 2, 0, 0, 0, 0, 0, 0, 0, 0, 0, 203]]

# 61528,61539 22:54:15.1943657 [(7, 38, 36), (19, 203, 205)]
[[3, 64, 33, 155], [64, 33, 18, 5, 0, 0, 0, 36, 0, 0, 150, 0, 0, 0, 0, 0, 0, 0, 0, 205]]

# 63516,63527 22:54:30.3505575 [(9, 26, 27), (13, 30, 31), (19, 226, 224)]
[[3, 64, 97, 91], [64, 97, 18, 128, 0, 60, 1, 40, 1, 27, 1, 78, 1, 31, 2, 250, 0, 0, 0, 224]]

# 64108,64119 22:54:35.3505294 [(9, 27, 26), (19, 224, 225)]
[[3, 64, 97, 91], [64, 97, 18, 128, 0, 60, 1, 40, 1, 26, 1, 78, 1, 31, 2, 250, 0, 0, 0, 225]]

# 64476,64487 22:54:40.1631457 [(7, 69, 64), (20, 192, 197)]
[[3, 64, 32, 156], [64, 32, 19, 165, 0, 0, 0, 64, 1, 0, 0, 150, 0, 0, 0, 215, 0, 115, 0, 1, 197]]

# 64710,64721 22:54:40.3662715 [(7, 40, 41), (19, 225, 224)]
[[3, 64, 97, 91], [64, 97, 18, 128, 0, 60, 1, 41, 1, 26, 1, 78, 1, 31, 2, 250, 0, 0, 0, 224]]

# 65312,65323 22:54:45.3659599 [(5, 60, 61), (7, 41, 40), (9, 26, 27), (19, 224, 223)]
[[3, 64, 97, 91], [64, 97, 18, 128, 0, 61, 1, 40, 1, 27, 1, 78, 1, 31, 2, 250, 0, 0, 0, 223]]

# 65888,65899 22:54:50.3190583 [(7, 40, 41), (13, 31, 32), (19, 223, 221)]
[[3, 64, 97, 91], [64, 97, 18, 128, 0, 61, 1, 41, 1, 27, 1, 78, 1, 32, 2, 250, 0, 0, 0, 221]]

# 66488,66499 22:54:55.3504047 [(7, 41, 40), (11, 78, 77), (19, 221, 223)]
[[3, 64, 97, 91], [64, 97, 18, 128, 0, 61, 1, 40, 1, 27, 1, 77, 1, 32, 2, 250, 0, 0, 0, 223]]

# 67704,67715 22:55:05.3971724 [(13, 32, 33), (19, 223, 222)]
[[3, 64, 97, 91], [64, 97, 18, 128, 0, 61, 1, 40, 1, 27, 1, 77, 1, 33, 2, 250, 0, 0, 0, 222]]

# 68312,68323 22:55:10.3971389 [(5, 61, 60), (19, 222, 223)]
[[3, 64, 97, 91], [64, 97, 18, 128, 0, 60, 1, 40, 1, 27, 1, 77, 1, 33, 2, 250, 0, 0, 0, 223]]

# 70728,70739 22:55:30.3814751 [(5, 60, 61), (19, 223, 222)]
[[3, 64, 97, 91], [64, 97, 18, 128, 0, 61, 1, 40, 1, 27, 1, 77, 1, 33, 2, 250, 0, 0, 0, 222]]

# 71336,71347 22:55:35.3973785 [(5, 61, 60), (19, 222, 223)]
[[3, 64, 97, 91], [64, 97, 18, 128, 0, 60, 1, 40, 1, 27, 1, 77, 1, 33, 2, 250, 0, 0, 0, 223]]

# 71936,71947 22:55:40.3974000 [(11, 77, 76), (19, 223, 224)]
[[3, 64, 97, 91], [64, 97, 18, 128, 0, 60, 1, 40, 1, 27, 1, 76, 1, 33, 2, 250, 0, 0, 0, 224]]

# 73128,73139 22:55:50.3190772 [(13, 33, 35), (19, 224, 222)]
[[3, 64, 97, 91], [64, 97, 18, 128, 0, 60, 1, 40, 1, 27, 1, 76, 1, 35, 2, 250, 0, 0, 0, 222]]

# 73712,73723 22:55:55.3505924 [(5, 60, 61), (13, 35, 33), (19, 222, 223)]
[[3, 64, 97, 91], [64, 97, 18, 128, 0, 61, 1, 40, 1, 27, 1, 76, 1, 33, 2, 250, 0, 0, 0, 223]]

# 74304,74315 22:56:00.3506303 [(5, 61, 60), (13, 33, 35), (19, 223, 222)]
[[3, 64, 97, 91], [64, 97, 18, 128, 0, 60, 1, 40, 1, 27, 1, 76, 1, 35, 2, 250, 0, 0, 0, 222]]

# 74912,74923 22:56:05.4285165 [(5, 60, 61), (19, 222, 221)]
[[3, 64, 97, 91], [64, 97, 18, 128, 0, 61, 1, 40, 1, 27, 1, 76, 1, 35, 2, 250, 0, 0, 0, 221]]

# 75452,75463 22:56:10.3346762 [(15, 32, 0), (20, 204, 236)]
[[3, 64, 96, 92], [64, 96, 19, 128, 0, 64, 0, 0, 0, 71, 58, 2, 250, 0, 160, 0, 27, 242, 118, 0, 236]]

# 75520,75531 22:56:10.3971382 [(5, 61, 60), (19, 221, 222)]
[[3, 64, 97, 91], [64, 97, 18, 128, 0, 60, 1, 40, 1, 27, 1, 76, 1, 35, 2, 250, 0, 0, 0, 222]]

# 75578,75589 22:56:10.4445435 [(5, 144, 128), (20, 168, 184)]
[[3, 64, 98, 90], [64, 98, 19, 128, 0, 128, 94, 1, 210, 0, 0, 1, 253, 255, 0, 100, 0, 0, 0, 0, 184]]

# 76128,76139 22:56:15.3506536 [(7, 40, 39), (19, 222, 223)]
[[3, 64, 97, 91], [64, 97, 18, 128, 0, 60, 1, 39, 1, 27, 1, 76, 1, 35, 2, 250, 0, 0, 0, 223]]

# 76486,76497 22:56:20.1471604 [(7, 64, 59), (20, 197, 202)]
[[3, 64, 32, 156], [64, 32, 19, 165, 0, 0, 0, 59, 1, 0, 0, 150, 0, 0, 0, 215, 0, 115, 0, 1, 202]]

# 76720,76731 22:56:20.3192931 [(7, 39, 40), (13, 35, 36), (19, 223, 221)]
[[3, 64, 97, 91], [64, 97, 18, 128, 0, 60, 1, 40, 1, 27, 1, 76, 1, 36, 2, 250, 0, 0, 0, 221]]

# 77320,77331 22:56:25.3505763 [(7, 40, 39), (19, 221, 222)]
[[3, 64, 97, 91], [64, 97, 18, 128, 0, 60, 1, 39, 1, 27, 1, 76, 1, 36, 2, 250, 0, 0, 0, 222]]

# 77762,77773 22:56:30.2564007 [(7, 36, 38), (19, 205, 203)]
[[3, 64, 33, 155], [64, 33, 18, 5, 0, 0, 0, 38, 0, 0, 150, 0, 0, 0, 0, 0, 0, 0, 0, 203]]

# 77928,77939 22:56:30.3819387 [(9, 27, 28), (11, 76, 75)]
[[3, 64, 97, 91], [64, 97, 18, 128, 0, 60, 1, 39, 1, 28, 1, 75, 1, 36, 2, 250, 0, 0, 0, 222]]

# 78544,78555 22:56:35.3971510 [(7, 39, 40), (13, 36, 37), (19, 222, 220)]
[[3, 64, 97, 91], [64, 97, 18, 128, 0, 60, 1, 40, 1, 28, 1, 75, 1, 37, 2, 250, 0, 0, 0, 220]]

# 79144,79155 22:56:40.3661154 [(7, 40, 39), (19, 220, 221)]
[[3, 64, 97, 91], [64, 97, 18, 128, 0, 60, 1, 39, 1, 28, 1, 75, 1, 37, 2, 250, 0, 0, 0, 221]]

# 79562,79573 22:56:45.2096733 [(7, 38, 35), (19, 203, 206)]
[[3, 64, 33, 155], [64, 33, 18, 5, 0, 0, 0, 35, 0, 0, 150, 0, 0, 0, 0, 0, 0, 0, 0, 206]]

# 79736,79747 22:56:45.3656968 [(7, 39, 40), (19, 221, 220)]
[[3, 64, 97, 91], [64, 97, 18, 128, 0, 60, 1, 40, 1, 28, 1, 75, 1, 37, 2, 250, 0, 0, 0, 220]]

# 80344,80355 22:56:50.3506848 [(7, 40, 39), (19, 220, 221)]
[[3, 64, 97, 91], [64, 97, 18, 128, 0, 60, 1, 39, 1, 28, 1, 75, 1, 37, 2, 250, 0, 0, 0, 221]]

# 80710,80721 22:56:55.1629327 [(15, 215, 220), (20, 202, 197)]
[[3, 64, 32, 156], [64, 32, 19, 165, 0, 0, 0, 59, 1, 0, 0, 150, 0, 0, 0, 220, 0, 115, 0, 1, 197]]

# 81544,81555 22:57:00.3972968 [(13, 37, 38), (19, 221, 220)]
[[3, 64, 97, 91], [64, 97, 18, 128, 0, 60, 1, 39, 1, 28, 1, 75, 1, 38, 2, 250, 0, 0, 0, 220]]
